160 0.05742396242415136 0.08753446610889964 0.026053201136044077 0.018156808686547336
161 0.9423251892149079 0.08613631157731348 0.025873139383086965 0.018148039164266612
162 0.057930379293460774 0.9108557586957192 0.02578602443566912 0.018269838084831642
163 0.9431074777928488 0.9136837905727844 0.025960254330504404 0.017965340783418358
304 0.18837733941952306 0.2609841535329731 0.24366831901978014 0.02169737116243335
415 0.4906731039631296 0.260935222766667 0.26826402737994826 0.02123438682433587
164 0.7933056688231495 0.2604379522869772 0.2436029845042131 0.02186511118545482
305 0.07915678074252037 0.3605710876110765 0.024360298450421064 0.1772312797746881
306 0.07937692518286978 0.28296941523097624 0.022703009023563703 0.0161384848638015
307 0.07937692518286976 0.30004528285728854 0.022703009023563703 0.0161384848638015
308 0.07937692518286978 0.31714834818256304 0.022703009023563703 0.0161384848638015
309 0.07939187668660619 0.33413505381044234 0.022703009023563703 0.0161384848638015
310 0.0793918766866062 0.3510185255191902 0.022703009023563703 0.0161384848638015
311 0.07939187668660623 0.367993506559693 0.022703009023563703 0.0161384848638015
312 0.07939187668660626 0.384876978268441 0.022703009023563703 0.0161384848638015
313 0.07939187668660626 0.4019434686406986 0.022703009023563703 0.0161384848638015
314 0.07939187668660627 0.41887269501532387 0.022703009023563703 0.0161384848638015
315 0.07939187668660627 0.43575616672407186 0.022703009023563703 0.0161384848638015
316 0.10313220001092419 0.3605710876110767 0.024360298450421064 0.1772312797746881
317 0.10335234445127359 0.28296941523097624 0.022703009023563703 0.0161384848638015
318 0.10335234445127359 0.30004528285728865 0.022703009023563703 0.0161384848638015
319 0.10335234445127359 0.31714834818256327 0.022703009023563703 0.0161384848638015
320 0.10336729595501001 0.33413505381044245 0.022703009023563703 0.0161384848638015
321 0.10336729595501001 0.35101852551919044 0.022703009023563703 0.0161384848638015
322 0.10336729595501007 0.36799350655969304 0.022703009023563703 0.0161384848638015
323 0.10336729595501007 0.38487697826844114 0.022703009023563703 0.0161384848638015
324 0.10336729595501007 0.4019434686406988 0.022703009023563703 0.0161384848638015
325 0.1033672959550101 0.41887269501532404 0.022703009023563703 0.0161384848638015
326 0.1033672959550101 0.435756166724072 0.022703009023563703 0.0161384848638015
327 0.12764040637418136 0.36057108761107665 0.024360298450421064 0.1772312797746881
328 0.12786055081453088 0.28296941523097635 0.022703009023563703 0.0161384848638015
329 0.12786055081453085 0.30004528285728865 0.022703009023563703 0.0161384848638015
330 0.12786055081453085 0.31714834818256327 0.022703009023563703 0.0161384848638015
331 0.12787550231826722 0.33413505381044245 0.022703009023563703 0.0161384848638015
332 0.12787550231826722 0.35101852551919044 0.022703009023563703 0.0161384848638015
333 0.1278755023182673 0.36799350655969304 0.022703009023563703 0.0161384848638015
334 0.1278755023182673 0.38487697826844114 0.022703009023563703 0.0161384848638015
335 0.1278755023182673 0.4019434686406988 0.022703009023563703 0.0161384848638015
336 0.1278755023182673 0.4188726950153239 0.022703009023563703 0.0161384848638015
337 0.1278755023182673 0.4357561667240721 0.022703009023563703 0.0161384848638015
338 0.15161582564258513 0.36057108761107665 0.024360298450421064 0.1772312797746881
339 0.15183597008293467 0.28296941523097624 0.022703009023563703 0.0161384848638015
340 0.1518359700829346 0.30004528285728865 0.022703009023563703 0.0161384848638015
341 0.1518359700829346 0.31714834818256327 0.022703009023563703 0.0161384848638015
342 0.15185092158667102 0.33413505381044245 0.022703009023563703 0.0161384848638015
343 0.15185092158667102 0.35101852551919044 0.022703009023563703 0.0161384848638015
344 0.15185092158667104 0.36799350655969304 0.022703009023563703 0.0161384848638015
345 0.15185092158667104 0.38487697826844114 0.022703009023563703 0.0161384848638015
346 0.15185092158667104 0.4019434686406987 0.022703009023563703 0.0161384848638015
347 0.15185092158667104 0.41887269501532387 0.022703009023563703 0.0161384848638015
348 0.15185092158667104 0.435756166724072 0.022703009023563703 0.0161384848638015
349 0.175591244910989 0.36057108761107665 0.024360298450421064 0.1772312797746881
350 0.17581138935133844 0.28296941523097635 0.022703009023563703 0.0161384848638015
351 0.17581138935133844 0.30004528285728865 0.022703009023563703 0.0161384848638015
352 0.17581138935133844 0.31714834818256327 0.022703009023563703 0.0161384848638015
353 0.1758263408550749 0.33413505381044245 0.022703009023563703 0.0161384848638015
354 0.1758263408550749 0.35101852551919044 0.022703009023563703 0.0161384848638015
355 0.17582634085507487 0.36799350655969304 0.022703009023563703 0.0161384848638015
356 0.17582634085507487 0.38487697826844114 0.022703009023563703 0.0161384848638015
357 0.17582634085507487 0.4019434686406987 0.022703009023563703 0.0161384848638015
358 0.17582634085507487 0.41887269501532387 0.022703009023563703 0.0161384848638015
359 0.17582634085507487 0.4357561667240721 0.022703009023563703 0.0161384848638015
360 0.20009945127424633 0.36057108761107665 0.024360298450421064 0.1772312797746881
361 0.20031959571459568 0.28296941523097635 0.022703009023563703 0.0161384848638015
362 0.20031959571459573 0.30004528285728865 0.022703009023563703 0.0161384848638015
363 0.20031959571459573 0.31714834818256327 0.022703009023563703 0.0161384848638015
364 0.20033454721833224 0.33413505381044245 0.022703009023563703 0.0161384848638015
365 0.20033454721833224 0.35101852551919044 0.022703009023563703 0.0161384848638015
366 0.20033454721833224 0.36799350655969304 0.022703009023563703 0.0161384848638015
367 0.20033454721833224 0.38487697826844114 0.022703009023563703 0.0161384848638015
368 0.20033454721833224 0.4019434686406987 0.022703009023563703 0.0161384848638015
369 0.20033454721833224 0.41887269501532387 0.022703009023563703 0.0161384848638015
370 0.20033454721833224 0.4357561667240721 0.022703009023563703 0.0161384848638015
371 0.22407487054265018 0.36057108761107665 0.024360298450421064 0.1772312797746881
372 0.22429501498299945 0.28296941523097635 0.022703009023563703 0.0161384848638015
373 0.22429501498299956 0.30004528285728865 0.022703009023563703 0.0161384848638015
374 0.22429501498299956 0.31714834818256327 0.022703009023563703 0.0161384848638015
375 0.2243099664867361 0.33413505381044245 0.022703009023563703 0.0161384848638015
376 0.2243099664867361 0.35101852551919044 0.022703009023563703 0.0161384848638015
377 0.2243099664867361 0.36799350655969304 0.022703009023563703 0.0161384848638015
378 0.2243099664867361 0.38487697826844114 0.022703009023563703 0.0161384848638015
379 0.2243099664867361 0.4019434686406987 0.022703009023563703 0.0161384848638015
380 0.2243099664867361 0.41887269501532387 0.022703009023563703 0.0161384848638015
381 0.2243099664867361 0.4357561667240721 0.022703009023563703 0.0161384848638015
382 0.24858307690590756 0.3605710876110767 0.024360298450421064 0.1772312797746881
383 0.2488032213462568 0.28296941523097635 0.022703009023563703 0.0161384848638015
384 0.24880322134625693 0.30004528285728865 0.022703009023563703 0.0161384848638015
385 0.24880322134625693 0.3171483481825634 0.022703009023563703 0.0161384848638015
386 0.2488181728499933 0.3341350538104425 0.022703009023563703 0.0161384848638015
387 0.24881817284999336 0.3510185255191906 0.022703009023563703 0.0161384848638015
388 0.24881817284999336 0.36799350655969304 0.022703009023563703 0.0161384848638015
389 0.24881817284999336 0.3848769782684412 0.022703009023563703 0.0161384848638015
390 0.24881817284999336 0.4019434686406988 0.022703009023563703 0.0161384848638015
391 0.24881817284999336 0.41887269501532387 0.022703009023563703 0.0161384848638015
392 0.24881817284999336 0.4357561667240721 0.022703009023563703 0.0161384848638015
393 0.27309128326916476 0.3605710876110767 0.024360298450421064 0.1772312797746881
394 0.27331142770951417 0.28296941523097646 0.022703009023563703 0.0161384848638015
395 0.27331142770951417 0.3000452828572888 0.022703009023563703 0.0161384848638015
396 0.27331142770951417 0.31714834818256343 0.022703009023563703 0.0161384848638015
397 0.2733263792132505 0.3341350538104425 0.022703009023563703 0.0161384848638015
398 0.2733263792132505 0.35101852551919066 0.022703009023563703 0.0161384848638015
399 0.2733263792132505 0.36799350655969304 0.022703009023563703 0.0161384848638015
400 0.2733263792132505 0.3848769782684412 0.022703009023563703 0.0161384848638015
401 0.2733263792132505 0.40194346864069885 0.022703009023563703 0.0161384848638015
402 0.2733263792132505 0.41887269501532387 0.022703009023563703 0.0161384848638015
403 0.2733263792132505 0.4357561667240721 0.022703009023563703 0.0161384848638015
404 0.29759948963242205 0.3605710876110767 0.024360298450421064 0.1772312797746881
405 0.29781963407277134 0.28296941523097646 0.022703009023563703 0.0161384848638015
406 0.29781963407277134 0.3000452828572888 0.022703009023563703 0.0161384848638015
407 0.29781963407277134 0.31714834818256343 0.022703009023563703 0.0161384848638015
408 0.29783458557650777 0.3341350538104425 0.022703009023563703 0.0161384848638015
409 0.29783458557650777 0.35101852551919066 0.022703009023563703 0.0161384848638015
410 0.29783458557650777 0.36799350655969304 0.022703009023563703 0.0161384848638015
411 0.29783458557650777 0.3848769782684412 0.022703009023563703 0.0161384848638015
412 0.29783458557650777 0.40194346864069885 0.022703009023563703 0.0161384848638015
413 0.29783458557650777 0.41887269501532387 0.022703009023563703 0.0161384848638015
414 0.29783458557650777 0.4357561667240721 0.022703009023563703 0.0161384848638015
264 0.15890578180007578 0.6909541816794933 0.20927835216054214 0.015637794077327554
40 0.10360360441798494 0.6910352314829009 0.019635379834540136 0.014189573415853968
41 0.15218665232847106 0.6911162886645376 0.019635379834540136 0.014189573415853968
42 0.20065375024394394 0.6910352314829011 0.019635379834540136 0.014189573415853968
43 0.24912084815941696 0.6912784030278104 0.019635379834540136 0.014189573415853968
275 0.15890578180007578 0.7081557551645539 0.20927835216054214 0.015637794077327554
84 0.10360360441798494 0.7082368049679617 0.019635379834540136 0.014189573415853968
85 0.15218665232847106 0.708317862149598 0.019635379834540136 0.014189573415853968
86 0.20065375024394394 0.7082368049679617 0.019635379834540136 0.014189573415853968
87 0.24912084815941693 0.7084799765128712 0.019635379834540136 0.014189573415853968
286 0.1586323777770632 0.7251662000553359 0.20927835216054214 0.015637794077327554
128 0.10333020039497236 0.7252472498587439 0.019635379834540136 0.014189573415853968
129 0.15191324830545846 0.7253283070403803 0.019635379834540136 0.014189573415853968
130 0.20038034622093137 0.7252472498587439 0.019635379834540136 0.014189573415853968
131 0.24884744413640425 0.7254904214036535 0.019635379834540136 0.014189573415853968
297 0.1589057818000758 0.7419855163518397 0.20927835216054214 0.015637794077327554
136 0.10360360441798493 0.7420665661552478 0.019635379834540136 0.014189573415853968
137 0.15218665232847106 0.7421476233368842 0.019635379834540136 0.014189573415853968
138 0.20065375024394394 0.7420665661552478 0.019635379834540136 0.014189573415853968
139 0.24912084815941685 0.7423097377001574 0.019635379834540136 0.014189573415853968
299 0.15867982806204886 0.7592028855884937 0.20927835216054214 0.015637794077327554
140 0.10337765067995801 0.7592839353919015 0.019635379834540136 0.014189573415853968
141 0.15196069859044412 0.7593649925735382 0.019635379834540136 0.014189573415853968
142 0.20042779650591708 0.7592839353919015 0.019635379834540136 0.014189573415853968
143 0.24889489442138996 0.7595271069368112 0.019635379834540136 0.014189573415853968
300 0.1589057818000758 0.7759463822773498 0.20927835216054214 0.015637794077327554
144 0.10360360441798494 0.7760274320807574 0.019635379834540136 0.014189573415853968
145 0.152186652328471 0.7761084892623937 0.019635379834540136 0.014189573415853968
146 0.20065375024394402 0.7760274320807574 0.019635379834540136 0.014189573415853968
147 0.24912084815941693 0.7762706036256671 0.019635379834540136 0.014189573415853968
301 0.1589057818000758 0.792531921450273 0.20927835216054214 0.015637794077327554
148 0.10360360441798494 0.7926129712536807 0.019635379834540136 0.014189573415853968
149 0.152186652328471 0.7926940284353172 0.019635379834540136 0.014189573415853968
150 0.20065375024394402 0.7926129712536807 0.019635379834540136 0.014189573415853968
151 0.24912084815941693 0.7928561427985903 0.019635379834540136 0.014189573415853968
302 0.1589057818000758 0.8092754181391291 0.20927835216054214 0.015637794077327554
152 0.10360360441798497 0.8093564679425366 0.019635379834540136 0.014189573415853968
153 0.152186652328471 0.809437525124173 0.019635379834540136 0.014189573415853968
154 0.20065375024394405 0.8093564679425366 0.019635379834540136 0.014189573415853968
155 0.24912084815941693 0.8095996394874463 0.019635379834540136 0.014189573415853968
303 0.15867982806204886 0.826492787375783 0.20927835216054214 0.015637794077327554
156 0.10337765067995804 0.8265738371791903 0.019635379834540136 0.014189573415853968
157 0.15196069859044406 0.8266548943608271 0.019635379834540136 0.014189573415853968
158 0.2004277965059171 0.8265738371791903 0.019635379834540136 0.014189573415853968
159 0.24889489442138996 0.8268170087241002 0.019635379834540136 0.014189573415853968
265 0.15867982806204886 0.8433942415805714 0.20927835216054214 0.015637794077327554
0 0.10337765067995804 0.8434752913839786 0.019635379834540136 0.014189573415853968
1 0.15196069859044406 0.8435563485656153 0.019635379834540136 0.014189573415853968
2 0.2004277965059171 0.8434752913839786 0.019635379834540136 0.014189573415853968
3 0.24889489442138996 0.8437184629288886 0.019635379834540136 0.014189573415853968
266 0.3769222610140943 0.6913638827954597 0.20927835216054214 0.015637794077327554
4 0.32162008363200356 0.6914449325988672 0.019635379834540136 0.014189573415853968
5 0.3702031315424896 0.6915259897805036 0.019635379834540136 0.014189573415853968
6 0.41867022945796256 0.6914449325988673 0.019635379834540136 0.014189573415853968
7 0.46713732737343555 0.6916881041437763 0.019635379834540136 0.014189573415853968
267 0.3769222610140943 0.70856545628052 0.20927835216054214 0.015637794077327554
8 0.32162008363200356 0.7086465060839278 0.019635379834540136 0.014189573415853968
9 0.37020313154248974 0.7087275632655641 0.019635379834540136 0.014189573415853968
10 0.41867022945796256 0.7086465060839278 0.019635379834540136 0.014189573415853968
11 0.46713732737343555 0.7088896776288374 0.019635379834540136 0.014189573415853968
268 0.3766488569910818 0.7255759011713022 0.20927835216054214 0.015637794077327554
12 0.32134667960899094 0.72565695097471 0.019635379834540136 0.014189573415853968
13 0.3699297275194771 0.7257380081563464 0.019635379834540136 0.014189573415853968
14 0.41839682543494994 0.72565695097471 0.019635379834540136 0.014189573415853968
15 0.46686392335042287 0.7259001225196197 0.019635379834540136 0.014189573415853968
269 0.3769222610140943 0.742395217467806 0.20927835216054214 0.015637794077327554
16 0.3216200836320035 0.7424762672712137 0.019635379834540136 0.014189573415853968
17 0.37020313154248974 0.7425573244528504 0.019635379834540136 0.014189573415853968
18 0.41867022945796256 0.7424762672712137 0.019635379834540136 0.014189573415853968
19 0.46713732737343555 0.7427194388161236 0.019635379834540136 0.014189573415853968
270 0.37669630727606745 0.7596125867044599 0.20927835216054214 0.015637794077327554
20 0.32139412989397664 0.7596936365078676 0.019635379834540136 0.014189573415853968
21 0.36997717780446265 0.7597746936895042 0.019635379834540136 0.014189573415853968
22 0.4184442757199357 0.7596936365078676 0.019635379834540136 0.014189573415853968
23 0.46691137363540847 0.7599368080527773 0.019635379834540136 0.014189573415853968
271 0.3769222610140943 0.7763560833933159 0.20927835216054214 0.015637794077327554
24 0.32162008363200356 0.7764371331967236 0.019635379834540136 0.014189573415853968
25 0.3702031315424896 0.7765181903783598 0.019635379834540136 0.014189573415853968
26 0.41867022945796256 0.7764371331967236 0.019635379834540136 0.014189573415853968
27 0.46713732737343555 0.7766803047416332 0.019635379834540136 0.014189573415853968
272 0.3769222610140943 0.7929416225662392 0.20927835216054214 0.015637794077327554
28 0.32162008363200356 0.7930226723696469 0.019635379834540136 0.014189573415853968
29 0.3702031315424896 0.7931037295512833 0.019635379834540136 0.014189573415853968
30 0.41867022945796256 0.7930226723696469 0.019635379834540136 0.014189573415853968
31 0.46713732737343555 0.7932658439145566 0.019635379834540136 0.014189573415853968
273 0.3769222610140943 0.8096851192550951 0.20927835216054214 0.015637794077327554
32 0.32162008363200356 0.8097661690585026 0.019635379834540136 0.014189573415853968
33 0.3702031315424896 0.8098472262401392 0.019635379834540136 0.014189573415853968
34 0.4186702294579627 0.8097661690585026 0.019635379834540136 0.014189573415853968
35 0.46713732737343555 0.8100093406034123 0.019635379834540136 0.014189573415853968
274 0.37669630727606745 0.8269024884917491 0.20927835216054214 0.015637794077327554
36 0.32139412989397664 0.8269835382951566 0.019635379834540136 0.014189573415853968
37 0.36997717780446265 0.8270645954767933 0.019635379834540136 0.014189573415853968
38 0.4184442757199357 0.8269835382951566 0.019635379834540136 0.014189573415853968
39 0.46691137363540847 0.8272267098400663 0.019635379834540136 0.014189573415853968
276 0.37669630727606745 0.8438039426965376 0.20927835216054214 0.015637794077327554
44 0.32139412989397664 0.8438849924999449 0.019635379834540136 0.014189573415853968
45 0.36997717780446265 0.8439660496815816 0.019635379834540136 0.014189573415853968
46 0.4184442757199357 0.8438849924999449 0.019635379834540136 0.014189573415853968
47 0.46691137363540847 0.8441281640448548 0.019635379834540136 0.014189573415853968
277 0.6189674382060021 0.6917735839114261 0.20927835216054214 0.015637794077327554
48 0.5636652608239113 0.6918546337148335 0.019635379834540136 0.014189573415853968
49 0.6122483087343973 0.69193569089647 0.019635379834540136 0.014189573415853968
50 0.6607154066498703 0.6918546337148337 0.019635379834540136 0.014189573415853968
51 0.709182504565343 0.6920978052597425 0.019635379834540136 0.014189573415853968
278 0.6189674382060021 0.7089751573964866 0.20927835216054214 0.015637794077327554
52 0.5636652608239113 0.7090562071998942 0.019635379834540136 0.014189573415853968
53 0.6122483087343974 0.7091372643815306 0.019635379834540136 0.014189573415853968
54 0.6607154066498703 0.7090562071998942 0.019635379834540136 0.014189573415853968
55 0.709182504565343 0.7092993787448038 0.019635379834540136 0.014189573415853968
279 0.6186940341829894 0.7259856022872684 0.20927835216054214 0.015637794077327554
56 0.5633918568008988 0.7260666520906761 0.019635379834540136 0.014189573415853968
57 0.6119749047113848 0.7261477092723128 0.019635379834540136 0.014189573415853968
58 0.6604420026268578 0.7260666520906761 0.019635379834540136 0.014189573415853968
59 0.7089091005423305 0.726309823635586 0.019635379834540136 0.014189573415853968
280 0.6189674382060021 0.7428049185837722 0.20927835216054214 0.015637794077327554
60 0.5636652608239113 0.7428859683871799 0.019635379834540136 0.014189573415853968
61 0.6122483087343974 0.7429670255688167 0.019635379834540136 0.014189573415853968
62 0.6607154066498703 0.7428859683871799 0.019635379834540136 0.014189573415853968
63 0.709182504565343 0.74312913993209 0.019635379834540136 0.014189573415853968
281 0.6187414844679752 0.7600222878204264 0.20927835216054214 0.015637794077327554
64 0.5634393070858843 0.7601033376238341 0.019635379834540136 0.014189573415853968
65 0.6120223549963703 0.7601843948054704 0.019635379834540136 0.014189573415853968
66 0.6604894529118434 0.7601033376238341 0.019635379834540136 0.014189573415853968
67 0.7089565508273163 0.7603465091687437 0.019635379834540136 0.014189573415853968
282 0.6189674382060021 0.7767657845092824 0.20927835216054214 0.015637794077327554
68 0.5636652608239113 0.77684683431269 0.019635379834540136 0.014189573415853968
69 0.6122483087343973 0.776927891494326 0.019635379834540136 0.014189573415853968
70 0.6607154066498703 0.77684683431269 0.019635379834540136 0.014189573415853968
71 0.709182504565343 0.7770900058575994 0.019635379834540136 0.014189573415853968
283 0.6189674382060021 0.7933513236822054 0.20927835216054214 0.015637794077327554
72 0.5636652608239113 0.7934323734856131 0.019635379834540136 0.014189573415853968
73 0.6122483087343973 0.7935134306672497 0.019635379834540136 0.014189573415853968
74 0.6607154066498703 0.7934323734856131 0.019635379834540136 0.014189573415853968
75 0.709182504565343 0.7936755450305227 0.019635379834540136 0.014189573415853968
284 0.6189674382060021 0.8100948203710614 0.20927835216054214 0.015637794077327554
76 0.5636652608239113 0.8101758701744689 0.019635379834540136 0.014189573415853968
77 0.6122483087343973 0.8102569273561053 0.019635379834540136 0.014189573415853968
78 0.6607154066498703 0.8101758701744689 0.019635379834540136 0.014189573415853968
79 0.709182504565343 0.8104190417193788 0.019635379834540136 0.014189573415853968
285 0.6187414844679752 0.8273121896077156 0.20927835216054214 0.015637794077327554
80 0.5634393070858843 0.8273932394111226 0.019635379834540136 0.014189573415853968
81 0.6120223549963703 0.8274742965927595 0.019635379834540136 0.014189573415853968
82 0.6604894529118434 0.8273932394111226 0.019635379834540136 0.014189573415853968
83 0.7089565508273163 0.8276364109560326 0.019635379834540136 0.014189573415853968
287 0.6187414844679752 0.8442136438125039 0.20927835216054214 0.015637794077327554
88 0.5634393070858843 0.8442946936159111 0.019635379834540136 0.014189573415853968
89 0.6120223549963703 0.8443757507975479 0.019635379834540136 0.014189573415853968
90 0.6604894529118434 0.8442946936159111 0.019635379834540136 0.014189573415853968
91 0.7089565508273163 0.8445378651608212 0.019635379834540136 0.014189573415853968
288 0.8363978516156817 0.6925929861433587 0.20927835216054214 0.015637794077327554
92 0.7810956742335913 0.6926740359467664 0.019635379834540136 0.014189573415853968
93 0.829678722144077 0.6927550931284027 0.019635379834540136 0.014189573415853968
94 0.8781458200595503 0.6926740359467664 0.019635379834540136 0.014189573415853968
95 0.9266129179750224 0.6929172074916754 0.019635379834540136 0.014189573415853968
289 0.8363978516156817 0.7097945596284192 0.20927835216054214 0.015637794077327554
96 0.7810956742335913 0.7098756094318268 0.019635379834540136 0.014189573415853968
97 0.8296787221440765 0.7099566666134632 0.019635379834540136 0.014189573415853968
98 0.8781458200595503 0.7098756094318268 0.019635379834540136 0.014189573415853968
99 0.9266129179750224 0.7101187809767364 0.019635379834540136 0.014189573415853968
290 0.8361244475926692 0.7268050045192013 0.20927835216054214 0.015637794077327554
100 0.7808222702105782 0.726886054322609 0.019635379834540136 0.014189573415853968
101 0.8294053181210644 0.7269671115042455 0.019635379834540136 0.014189573415853968
102 0.877872416036537 0.726886054322609 0.019635379834540136 0.014189573415853968
103 0.92633951395201 0.7271292258675188 0.019635379834540136 0.014189573415853968
291 0.8363978516156817 0.7436243208157051 0.20927835216054214 0.015637794077327554
104 0.7810956742335913 0.7437053706191128 0.019635379834540136 0.014189573415853968
105 0.8296787221440765 0.7437864278007495 0.019635379834540136 0.014189573415853968
106 0.8781458200595503 0.7437053706191128 0.019635379834540136 0.014189573415853968
107 0.9266129179750224 0.7439485421640225 0.019635379834540136 0.014189573415853968
292 0.836171897877655 0.7608416900523594 0.20927835216054214 0.015637794077327554
108 0.7808697204955639 0.760922739855767 0.019635379834540136 0.014189573415853968
109 0.8294527684060499 0.7610037970374032 0.019635379834540136 0.014189573415853968
110 0.877919866321523 0.760922739855767 0.019635379834540136 0.014189573415853968
111 0.9263869642369957 0.7611659114006764 0.019635379834540136 0.014189573415853968
293 0.8363978516156817 0.777585186741215 0.20927835216054214 0.015637794077327554
112 0.7810956742335913 0.7776662365446227 0.019635379834540136 0.014189573415853968
113 0.829678722144077 0.7777472937262587 0.019635379834540136 0.014189573415853968
114 0.8781458200595503 0.7776662365446227 0.019635379834540136 0.014189573415853968
115 0.9266129179750224 0.7779094080895322 0.019635379834540136 0.014189573415853968
294 0.8363978516156817 0.7941707259141383 0.20927835216054214 0.015637794077327554
116 0.7810956742335913 0.794251775717546 0.019635379834540136 0.014189573415853968
117 0.829678722144077 0.7943328328991822 0.019635379834540136 0.014189573415853968
118 0.8781458200595503 0.794251775717546 0.019635379834540136 0.014189573415853968
119 0.9266129179750224 0.7944949472624556 0.019635379834540136 0.014189573415853968
295 0.8363978516156817 0.8109142226029941 0.20927835216054214 0.015637794077327554
120 0.7810956742335913 0.8109952724064016 0.019635379834540136 0.014189573415853968
121 0.829678722144077 0.8110763295880381 0.019635379834540136 0.014189573415853968
122 0.8781458200595503 0.8109952724064016 0.019635379834540136 0.014189573415853968
123 0.9266129179750224 0.8112384439513116 0.019635379834540136 0.014189573415853968
296 0.836171897877655 0.8281315918396482 0.20927835216054214 0.015637794077327554
124 0.7808697204955639 0.8282126416430554 0.019635379834540136 0.014189573415853968
125 0.8294527684060499 0.8282936988246923 0.019635379834540136 0.014189573415853968
126 0.877919866321523 0.8282126416430554 0.019635379834540136 0.014189573415853968
127 0.9263869642369957 0.8284558131879655 0.019635379834540136 0.014189573415853968
298 0.836171897877655 0.8450330460444364 0.20927835216054214 0.015637794077327554
132 0.7808697204955639 0.845114095847844 0.019635379834540136 0.014189573415853968
133 0.8294527684060499 0.8451951530294808 0.019635379834540136 0.014189573415853968
134 0.877919866321523 0.845114095847844 0.019635379834540136 0.014189573415853968
135 0.9263869642369957 0.8453572673927541 0.019635379834540136 0.014189573415853968
416 0.3692593538902064 0.3609634043701965 0.024360298450421064 0.1772312797746881
417 0.3694794983305558 0.28296941523097624 0.022703009023563703 0.0161384848638015
418 0.3694794983305558 0.30004528285728843 0.022703009023563703 0.0161384848638015
419 0.3694794983305558 0.31714834818256304 0.022703009023563703 0.0161384848638015
420 0.3694944498342922 0.33413505381044234 0.022703009023563703 0.0161384848638015
421 0.3694944498342922 0.3510185255191903 0.022703009023563703 0.0161384848638015
422 0.3694944498342922 0.367993506559693 0.022703009023563703 0.0161384848638015
423 0.3694944498342923 0.384876978268441 0.022703009023563703 0.0161384848638015
424 0.3694944498342923 0.4019434686406986 0.022703009023563703 0.0161384848638015
425 0.3694944498342923 0.41887269501532387 0.022703009023563703 0.0161384848638015
426 0.36949444983429236 0.4359032855087419 0.022703009023563713 0.01643272243314153
427 0.3938741176724343 0.3609634043701965 0.024360298450421064 0.1772312797746881
428 0.3940942621127837 0.28296941523097624 0.022703009023563703 0.0161384848638015
429 0.39409426211278387 0.30004528285728843 0.022703009023563703 0.0161384848638015
430 0.39409426211278387 0.31714834818256304 0.022703009023563703 0.0161384848638015
431 0.3941092136165201 0.33413505381044234 0.022703009023563703 0.0161384848638015
432 0.3941092136165201 0.3510185255191903 0.022703009023563703 0.0161384848638015
433 0.3941092136165201 0.367993506559693 0.022703009023563703 0.0161384848638015
434 0.3941092136165203 0.384876978268441 0.022703009023563703 0.0161384848638015
435 0.3941092136165203 0.4019434686406985 0.022703009023563703 0.0161384848638015
436 0.3941092136165203 0.41887269501532387 0.022703009023563703 0.0161384848638015
437 0.3941092136165203 0.43590328550874186 0.022703009023563713 0.01643272243314153
438 0.4179028156503235 0.3609634043701965 0.024360298450421064 0.1772312797746881
439 0.418122960090673 0.28296941523097624 0.022703009023563703 0.0161384848638015
440 0.418122960090673 0.30004528285728843 0.022703009023563703 0.0161384848638015
441 0.418122960090673 0.31714834818256304 0.022703009023563703 0.0161384848638015
442 0.4181379115944091 0.33413505381044234 0.022703009023563703 0.0161384848638015
443 0.4181379115944091 0.3510185255191903 0.022703009023563703 0.0161384848638015
444 0.4181379115944091 0.367993506559693 0.022703009023563703 0.0161384848638015
445 0.4181379115944093 0.384876978268441 0.022703009023563703 0.0161384848638015
446 0.4181379115944093 0.4019434686406985 0.022703009023563703 0.0161384848638015
447 0.4181379115944093 0.41887269501532387 0.022703009023563703 0.0161384848638015
448 0.41813791159440944 0.43590328550874186 0.022703009023563713 0.01643272243314153
449 0.4425175794325514 0.3609634043701965 0.024360298450421064 0.1772312797746881
450 0.44273772387290095 0.28296941523097624 0.022703009023563703 0.0161384848638015
451 0.44273772387290095 0.30004528285728843 0.022703009023563703 0.0161384848638015
452 0.44273772387290095 0.31714834818256304 0.022703009023563703 0.0161384848638015
453 0.4427526753766374 0.33413505381044234 0.022703009023563703 0.0161384848638015
454 0.4427526753766374 0.3510185255191903 0.022703009023563703 0.0161384848638015
455 0.4427526753766374 0.367993506559693 0.022703009023563703 0.0161384848638015
456 0.4427526753766374 0.384876978268441 0.022703009023563703 0.0161384848638015
457 0.4427526753766374 0.4019434686406985 0.022703009023563703 0.0161384848638015
458 0.4427526753766374 0.41887269501532387 0.022703009023563703 0.0161384848638015
459 0.4427526753766374 0.43590328550874174 0.022703009023563713 0.01643272243314153
460 0.4659602116061019 0.3609634043701965 0.024360298450421064 0.1772312797746881
461 0.4661803560464515 0.28296941523097624 0.022703009023563703 0.0161384848638015
462 0.4661803560464515 0.30004528285728843 0.022703009023563703 0.0161384848638015
463 0.4661803560464515 0.31714834818256304 0.022703009023563703 0.0161384848638015
464 0.46619530755018745 0.33413505381044234 0.022703009023563703 0.0161384848638015
465 0.46619530755018745 0.3510185255191903 0.022703009023563703 0.0161384848638015
466 0.46619530755018745 0.367993506559693 0.022703009023563703 0.0161384848638015
467 0.46619530755018757 0.384876978268441 0.022703009023563703 0.0161384848638015
468 0.46619530755018757 0.4019434686406985 0.022703009023563703 0.0161384848638015
469 0.46619530755018757 0.41887269501532387 0.022703009023563703 0.0161384848638015
470 0.46619530755018795 0.43590328550874186 0.022703009023563713 0.01643272243314153
471 0.49057497538832967 0.3609634043701965 0.024360298450421064 0.1772312797746881
472 0.4907951198286792 0.28296941523097624 0.022703009023563703 0.0161384848638015
473 0.4907951198286792 0.30004528285728843 0.022703009023563703 0.0161384848638015
474 0.4907951198286792 0.31714834818256304 0.022703009023563703 0.0161384848638015
475 0.49081007133241583 0.33413505381044234 0.022703009023563703 0.0161384848638015
476 0.49081007133241583 0.3510185255191903 0.022703009023563703 0.0161384848638015
477 0.49081007133241583 0.367993506559693 0.022703009023563703 0.0161384848638015
478 0.49081007133241583 0.384876978268441 0.022703009023563703 0.0161384848638015
479 0.49081007133241583 0.4019434686406985 0.022703009023563703 0.0161384848638015
480 0.49081007133241583 0.41887269501532387 0.022703009023563703 0.0161384848638015
481 0.49081007133241583 0.43590328550874174 0.022703009023563713 0.01643272243314153
482 0.5392184371484466 0.3609634043701965 0.024360298450421064 0.1772312797746881
483 0.5394385815887963 0.28296941523097624 0.022703009023563703 0.0161384848638015
484 0.5394385815887963 0.30004528285728843 0.022703009023563703 0.0161384848638015
485 0.5394385815887963 0.31714834818256304 0.022703009023563703 0.0161384848638015
486 0.5394535330925322 0.33413505381044234 0.022703009023563703 0.0161384848638015
487 0.5394535330925322 0.3510185255191903 0.022703009023563703 0.0161384848638015
488 0.5394535330925322 0.367993506559693 0.022703009023563703 0.0161384848638015
489 0.5394535330925322 0.384876978268441 0.022703009023563703 0.0161384848638015
490 0.5394535330925322 0.4019434686406985 0.022703009023563703 0.0161384848638015
491 0.5394535330925322 0.41887269501532387 0.022703009023563703 0.0161384848638015
492 0.5394535330925324 0.43590328550874186 0.022703009023563713 0.01643272243314153
493 0.5638332009306747 0.3609634043701965 0.024360298450421064 0.1772312797746881
494 0.5640533453710241 0.28296941523097624 0.022703009023563703 0.0161384848638015
495 0.5640533453710241 0.30004528285728843 0.022703009023563703 0.0161384848638015
496 0.5640533453710241 0.31714834818256304 0.022703009023563703 0.0161384848638015
497 0.5640682968747606 0.33413505381044234 0.022703009023563703 0.0161384848638015
498 0.5640682968747606 0.3510185255191903 0.022703009023563703 0.0161384848638015
499 0.5640682968747606 0.367993506559693 0.022703009023563703 0.0161384848638015
500 0.5640682968747606 0.384876978268441 0.022703009023563703 0.0161384848638015
501 0.5640682968747606 0.4019434686406985 0.022703009023563703 0.0161384848638015
502 0.5640682968747606 0.41887269501532387 0.022703009023563703 0.0161384848638015
503 0.5640682968747606 0.43590328550874186 0.022703009023563713 0.01643272243314153
504 0.5872758331042252 0.3609634043701965 0.024360298450421064 0.1772312797746881
505 0.5874959775445747 0.28296941523097624 0.022703009023563703 0.0161384848638015
506 0.5874959775445747 0.30004528285728843 0.022703009023563703 0.0161384848638015
507 0.5874959775445747 0.31714834818256304 0.022703009023563703 0.0161384848638015
508 0.5875109290483106 0.33413505381044234 0.022703009023563703 0.0161384848638015
509 0.5875109290483106 0.3510185255191903 0.022703009023563703 0.0161384848638015
510 0.5875109290483106 0.367993506559693 0.022703009023563703 0.0161384848638015
511 0.5875109290483106 0.384876978268441 0.022703009023563703 0.0161384848638015
512 0.5875109290483106 0.4019434686406985 0.022703009023563703 0.0161384848638015
513 0.5875109290483106 0.41887269501532387 0.022703009023563703 0.0161384848638015
514 0.5875109290483109 0.43590328550874186 0.022703009023563713 0.01643272243314153
515 0.6118905968864528 0.3609634043701965 0.024360298450421064 0.1772312797746881
516 0.6121107413268024 0.28296941523097624 0.022703009023563703 0.0161384848638015
517 0.6121107413268024 0.30004528285728843 0.022703009023563703 0.0161384848638015
518 0.6121107413268024 0.31714834818256304 0.022703009023563703 0.0161384848638015
519 0.6121256928305389 0.33413505381044234 0.022703009023563703 0.0161384848638015
520 0.6121256928305389 0.3510185255191903 0.022703009023563703 0.0161384848638015
521 0.6121256928305389 0.367993506559693 0.022703009023563703 0.0161384848638015
522 0.6121256928305389 0.384876978268441 0.022703009023563703 0.0161384848638015
523 0.6121256928305389 0.4019434686406985 0.022703009023563703 0.0161384848638015
524 0.6121256928305389 0.41887269501532387 0.022703009023563703 0.0161384848638015
525 0.6121256928305389 0.43590328550874186 0.022703009023563713 0.01643272243314153
165 0.6841829749576398 0.36058946811209347 0.025600558518451083 0.17774959267895976
176 0.7092507463812383 0.3605956375379229 0.024534984328744253 0.1777372538273017
187 0.7569913478032391 0.36054179606699405 0.02460636207113259 0.17762461484948752
198 0.7815663355067205 0.3605461347675248 0.02460636207113259 0.17760326996017667
209 0.805927811298525 0.3605957396213731 0.023989044297683025 0.17751672774072946
220 0.8296492289842012 0.3606525700392811 0.02351465980724334 0.17762461484948752
231 0.8543464864326702 0.3607122242046597 0.02460636207113259 0.17760326996017667
242 0.8787079622244753 0.36076182905850795 0.023989044297683025 0.17751672774072946
253 0.9025085753168949 0.3607632963307044 0.02351465980724334 0.17762461484948752
166 0.6844722803492164 0.2829043967278933 0.02117531538418409 0.014698945225298648
167 0.6844722803492165 0.29984534768989507 0.02117531538418409 0.014698945225298648
168 0.6844722803492167 0.3170294701968059 0.02117531538418409 0.014698945225298648
169 0.6847041803392429 0.3339704211588078 0.02117531538418409 0.014698945225298648
170 0.6844722803492167 0.35099242930244584 0.02117531538418409 0.014698945225298648
171 0.6847809392359416 0.36814647959496954 0.02117531538418409 0.014698945225298648
172 0.684935268679304 0.38519264277873516 0.02117531538418409 0.014698945225298648
173 0.684935268679304 0.4023466930712589 0.02117531538418409 0.014698945225298648
174 0.684935268679304 0.41928496914626656 0.02117531538418409 0.014698945225298648
175 0.684935268679304 0.43622324522127426 0.02117531538418409 0.014698945225298648
177 0.7084476996176202 0.2829043967278933 0.02117531538418409 0.014698945225298648
178 0.7084476996176204 0.29984534768989496 0.02117531538418409 0.014698945225298648
179 0.7084476996176204 0.3170294701968058 0.02117531538418409 0.014698945225298648
180 0.7086795996076468 0.33397042115880765 0.02117531538418409 0.014698945225298648
181 0.7084476996176204 0.35099242930244573 0.02117531538418409 0.014698945225298648
182 0.7087563585043454 0.3681464795949694 0.02117531538418409 0.014698945225298648
183 0.7089106879477077 0.3851926427787351 0.02117531538418409 0.014698945225298648
184 0.7089106879477077 0.40234669307125887 0.02117531538418409 0.014698945225298648
185 0.7089106879477077 0.4192849691462665 0.02117531538418409 0.014698945225298648
186 0.7089106879477077 0.43622324522127426 0.02117531538418409 0.014698945225298648
188 0.7568045219207061 0.2829043967278933 0.02117531538418409 0.014698945225298648
189 0.7568045219207065 0.29984534768989507 0.02117531538418409 0.014698945225298648
190 0.7568045219207065 0.3170294701968059 0.02117531538418409 0.014698945225298648
191 0.7570364219107328 0.3339704211588078 0.02117531538418409 0.014698945225298648
192 0.7568045219207065 0.35099242930244584 0.02117531538418409 0.014698945225298648
193 0.7571131808074315 0.36814647959496954 0.02117531538418409 0.014698945225298648
194 0.7572675102507936 0.38519264277873516 0.02117531538418409 0.014698945225298648
195 0.7572675102507936 0.4023466930712589 0.02117531538418409 0.014698945225298648
196 0.7572675102507936 0.41928496914626673 0.02117531538418409 0.014698945225298648
197 0.7572675102507936 0.43622324522127426 0.02117531538418409 0.014698945225298648
199 0.78077994118911 0.28290439672789325 0.02117531538418409 0.014698945225298648
200 0.7807799411891102 0.29984534768989496 0.02117531538418409 0.014698945225298648
201 0.7807799411891102 0.3170294701968058 0.02117531538418409 0.014698945225298648
202 0.7810118411791368 0.33397042115880765 0.02117531538418409 0.014698945225298648
203 0.7807799411891102 0.35099242930244573 0.02117531538418409 0.014698945225298648
204 0.7810886000758351 0.3681464795949694 0.02117531538418409 0.014698945225298648
205 0.7812429295191976 0.3851926427787351 0.02117531538418409 0.014698945225298648
206 0.7812429295191976 0.40234669307125887 0.02117531538418409 0.014698945225298648
207 0.7812429295191976 0.4192849691462665 0.02117531538418409 0.014698945225298648
208 0.7812429295191976 0.43622324522127426 0.02117531538418409 0.014698945225298648
210 0.8058209346472209 0.2829043967278933 0.02117531538418409 0.014698945225298648
211 0.8058209346472209 0.29984534768989507 0.02117531538418409 0.014698945225298648
212 0.8058209346472209 0.31702947019680594 0.02117531538418409 0.014698945225298648
213 0.8060528346372476 0.3339704211588078 0.02117531538418409 0.014698945225298648
214 0.8058209346472209 0.35099242930244595 0.02117531538418409 0.014698945225298648
215 0.8061295935339462 0.36814647959496954 0.02117531538418409 0.014698945225298648
216 0.8062839229773081 0.38519264277873516 0.02117531538418409 0.014698945225298648
217 0.8062839229773081 0.4023466930712589 0.02117531538418409 0.014698945225298648
218 0.8062839229773081 0.41928496914626673 0.02117531538418409 0.014698945225298648
219 0.8062839229773081 0.43622324522127426 0.02117531538418409 0.014698945225298648
221 0.8297963539156246 0.28290439672789325 0.02117531538418409 0.014698945225298648
222 0.8297963539156247 0.29984534768989496 0.02117531538418409 0.014698945225298648
223 0.8297963539156247 0.3170294701968059 0.02117531538418409 0.014698945225298648
224 0.8300282539056512 0.33397042115880765 0.02117531538418409 0.014698945225298648
225 0.8297963539156247 0.3509924293024458 0.02117531538418409 0.014698945225298648
226 0.8301050128023496 0.3681464795949694 0.02117531538418409 0.014698945225298648
227 0.8302593422457122 0.38519264277873516 0.02117531538418409 0.014698945225298648
228 0.8302593422457122 0.40234669307125887 0.02117531538418409 0.014698945225298648
229 0.8302593422457122 0.41928496914626656 0.02117531538418409 0.014698945225298648
230 0.8302593422457122 0.43622324522127426 0.02117531538418409 0.014698945225298648
232 0.8532389860891751 0.28253194116792385 0.02117531538418409 0.014698945225298648
233 0.8532389860891755 0.29947289212992556 0.02117531538418409 0.014698945225298648
234 0.8532389860891755 0.3166570146368365 0.02117531538418409 0.014698945225298648
235 0.8534708860792022 0.33359796559883825 0.02117531538418409 0.014698945225298648
236 0.8532389860891755 0.35061997374247633 0.02117531538418409 0.014698945225298648
237 0.8535476449759003 0.36777402403500015 0.02117531538418409 0.014698945225298648
238 0.8537019744192631 0.38482018721876576 0.02117531538418409 0.014698945225298648
239 0.8537019744192631 0.40197423751128947 0.02117531538418409 0.014698945225298648
240 0.8537019744192631 0.4189125135862972 0.02117531538418409 0.014698945225298648
241 0.8537019744192631 0.43585078966130486 0.02117531538418409 0.014698945225298648
243 0.8782799795472862 0.2825319411679239 0.02117531538418409 0.014698945225298648
244 0.8782799795472862 0.29947289212992567 0.02117531538418409 0.014698945225298648
245 0.8782799795472862 0.3166570146368366 0.02117531538418409 0.014698945225298648
246 0.8785118795373132 0.3335979655988385 0.02117531538418409 0.014698945225298648
247 0.8782799795472862 0.35061997374247655 0.02117531538418409 0.014698945225298648
248 0.8785886384340114 0.3677740240350002 0.02117531538418409 0.014698945225298648
249 0.8787429678773733 0.3848201872187659 0.02117531538418409 0.014698945225298648
250 0.8787429678773733 0.4019742375112895 0.02117531538418409 0.014698945225298648
251 0.8787429678773733 0.41891251358629733 0.02117531538418409 0.014698945225298648
252 0.8787429678773733 0.43585078966130486 0.02117531538418409 0.014698945225298648
254 0.9022553988156897 0.28253194116792385 0.02117531538418409 0.014698945225298648
255 0.9022553988156897 0.29947289212992556 0.02117531538418409 0.014698945225298648
256 0.9022553988156897 0.3166570146368365 0.02117531538418409 0.014698945225298648
257 0.9024872988057163 0.33359796559883825 0.02117531538418409 0.014698945225298648
258 0.9022553988156897 0.3506199737424764 0.02117531538418409 0.014698945225298648
259 0.9025640577024148 0.36777402403500015 0.02117531538418409 0.014698945225298648
260 0.9027183871457772 0.3848201872187659 0.02117531538418409 0.014698945225298648
261 0.9027183871457772 0.40197423751128947 0.02117531538418409 0.014698945225298648
262 0.9027183871457772 0.41891251358629733 0.02117531538418409 0.014698945225298648
263 0.9027183871457772 0.43585078966130486 0.02117531538418409 0.014698945225298648
