200 0.04985342841138202 0.12850049641515723 0.016729799741160276 0.01117795612116447
201 0.9649315947476602 0.12715829660026312 0.01725410354268462 0.011846813694945321
202 0.05039012055709463 0.9584312248681612 0.016974542566112447 0.01147526520426112
203 0.9660509148677751 0.9648554117987519 0.016974542566112517 0.011377186014481282
259 0.16355724946277797 0.38281743791122863 0.20330100750412433 0.02110886803826627
260 0.07159375420760261 0.46634592912565687 0.020606320399236225 0.14485229462811114
261 0.07147453521154276 0.40214075809487876 0.019131144285577467 0.013809549921025368
262 0.07147453521154289 0.4164897435596943 0.019131144285577467 0.013809549921025368
263 0.07147453521154289 0.43040718058947774 0.019131144285577467 0.013809549921025368
264 0.07147453521154278 0.44475616605429313 0.019131144285577467 0.013809549921025368
265 0.07147453521154291 0.45914558289047624 0.019131144285577478 0.014184562550305167
266 0.0714745352115429 0.4736076565461522 0.019131144285577485 0.014634967306825175
267 0.07147453521154304 0.4880269651686354 0.019131144285577464 0.013631224121425785
268 0.07147453521154289 0.5023759506334506 0.019131144285577478 0.014166201520225342
269 0.07147453521154289 0.5167357248091419 0.019131144285577478 0.014166201520225342
270 0.07150182612676256 0.531105117913968 0.019131144285577478 0.014166201520225342
271 0.092027405306187 0.4663047384902512 0.020606320399236204 0.14480653996223403
272 0.09190818631012704 0.402122444792412 0.019131144285577467 0.013809549921025368
273 0.09190818631012723 0.41647143025722755 0.019131144285577467 0.013809549921025368
274 0.09190818631012723 0.4303888672870111 0.019131144285577467 0.013809549921025368
275 0.09197309409195313 0.4444633247565622 0.019131144285577467 0.013809549921025368
276 0.0920380018737793 0.4586697229292358 0.019131144285577478 0.014184562550305167
277 0.09222625066440215 0.47326906058254375 0.019325867631055562 0.014634967306825095
278 0.09207045576469255 0.48777987853678345 0.01971531432201174 0.013814242784933848
279 0.09197309409195327 0.5020373546698422 0.019131144285577478 0.014166201520225342
280 0.09203800187377931 0.5163971288455337 0.019131144285577478 0.014166201520225342
281 0.09206529278899891 0.5308580312821143 0.019131144285577478 0.014166201520225342
282 0.11248610842234051 0.4661666727397573 0.020606320399236207 0.1445846281689227
283 0.11236688942628068 0.40182737731332857 0.019131144285577464 0.014142311127406375
284 0.11236688942628074 0.4163427433813344 0.019131144285577467 0.013809549921025368
285 0.11236688942628074 0.430260180411118 0.019131144285577467 0.013809549921025368
286 0.11236688942628068 0.4446091658759334 0.019131144285577467 0.013809549921025368
287 0.11236688942628077 0.45899858271211647 0.019131144285577478 0.014184562550305167
288 0.11236688942628077 0.4734606563677925 0.019131144285577485 0.014634967306825175
289 0.11236688942628087 0.48787996499027586 0.019131144285577464 0.013631224121425785
290 0.11236688942628074 0.5022289504550908 0.019131144285577478 0.014166201520225342
291 0.11236688942628074 0.5165887246307821 0.019131144285577478 0.014166201520225342
292 0.11239418034150044 0.5309581177356083 0.019131144285577478 0.014166201520225342
293 0.13291975952092477 0.46620057195830406 0.020606320399236187 0.14438869379513908
294 0.13280054052486487 0.4018506591616594 0.019131144285577464 0.014059120825811313
295 0.13280054052486506 0.4163244300788675 0.019131144285577467 0.013809549921025368
296 0.13280054052486506 0.4302418671086511 0.019131144285577467 0.013809549921025368
297 0.13286544830669103 0.4443163245782024 0.019131144285577467 0.013809549921025368
298 0.13293035608851714 0.4585227227508759 0.019131144285577478 0.014184562550305167
299 0.13311860487914004 0.473122060404184 0.019325867631055562 0.014634967306825095
300 0.13296280997943044 0.4876328783584235 0.01971531432201174 0.013814242784933848
301 0.13286544830669117 0.5018903544914826 0.019131144285577478 0.014166201520225342
302 0.13293035608851725 0.5162501286671738 0.019131144285577478 0.014166201520225342
303 0.13295764700373677 0.5307110311037547 0.019131144285577478 0.014166201520225342
304 0.15321015449676875 0.46622119098716197 0.020606320399236187 0.14438869379513908
305 0.15288722707635596 0.4021584736740309 0.019131144285577464 0.014059120825811313
306 0.15288722707635613 0.41663224459123893 0.019131144285577467 0.013809549921025368
307 0.15288722707635613 0.4305496816210226 0.019131144285577467 0.013809549921025368
308 0.1529521348581821 0.4446241390905739 0.019131144285577467 0.013809549921025368
309 0.15322075106436114 0.4585433417797337 0.019131144285577478 0.014184562550305167
310 0.15340899985498396 0.4731426794330418 0.019325867631055562 0.014634967306825095
311 0.15325320495527436 0.4876534973872815 0.01971531432201174 0.013814242784933848
312 0.15315584328253512 0.5019109735203404 0.019131144285577478 0.014166201520225342
313 0.15322075106436117 0.5162707476960317 0.019131144285577478 0.014166201520225342
314 0.15324804197958072 0.5307316501326127 0.019131144285577478 0.014166201520225342
315 0.1729005211629489 0.46603811461328554 0.020606320399236225 0.14485229462811114
316 0.17278130216688897 0.40183294358250743 0.019131144285577467 0.013809549921025368
317 0.17278130216688914 0.41618192904732304 0.019131144285577467 0.013809549921025368
318 0.17278130216688914 0.43009936607710647 0.019131144285577467 0.013809549921025368
319 0.17278130216688903 0.4444483515419219 0.019131144285577467 0.013809549921025368
320 0.17278130216688914 0.4588377683781049 0.019131144285577478 0.014184562550305167
321 0.17278130216688914 0.47329984203378095 0.019131144285577485 0.014634967306825175
322 0.17278130216688925 0.4877191506562641 0.019131144285577464 0.013631224121425785
323 0.17278130216688914 0.5020681361210795 0.019131144285577478 0.014166201520225342
324 0.17278130216688914 0.5164279102967706 0.019131144285577478 0.014166201520225342
325 0.17280859308210883 0.5307973034015967 0.019131144285577478 0.014166201520225342
326 0.1933341722615333 0.46599692397788006 0.020606320399236204 0.14480653996223403
327 0.19321495326547328 0.40181463028004066 0.019131144285577467 0.013809549921025368
328 0.19321495326547353 0.4161636157448562 0.019131144285577467 0.013809549921025368
329 0.19321495326547353 0.4300810527746398 0.019131144285577467 0.013809549921025368
330 0.19327986104729938 0.44415551024419087 0.019131144285577467 0.013809549921025368
331 0.19334476882912557 0.45836190841686447 0.019131144285577478 0.014184562550305167
332 0.19353301761974845 0.4729612460701724 0.019325867631055562 0.014634967306825095
333 0.19337722272003888 0.4874720640244123 0.01971531432201174 0.013814242784933848
334 0.19327986104729955 0.501729540157471 0.019131144285577478 0.014166201520225342
335 0.19334476882912557 0.5160893143331624 0.019131144285577478 0.014166201520225342
336 0.19337205974434524 0.530550216769743 0.019131144285577478 0.014166201520225342
337 0.2137928753776868 0.46585885822738604 0.020606320399236207 0.1445846281689227
338 0.21367365638162691 0.40151956280095724 0.019131144285577464 0.014142311127406375
339 0.21367365638162703 0.4160349288689631 0.019131144285577467 0.013809549921025368
340 0.21367365638162703 0.4299523658987468 0.019131144285577467 0.013809549921025368
341 0.21367365638162691 0.44430135136356214 0.019131144285577467 0.013809549921025368
342 0.21367365638162705 0.4586907681997452 0.019131144285577478 0.014184562550305167
343 0.21367365638162705 0.47315284185542117 0.019131144285577485 0.014634967306825175
344 0.21367365638162716 0.48757215047790453 0.019131144285577464 0.013631224121425785
345 0.21367365638162703 0.5019211359427195 0.019131144285577478 0.014166201520225342
346 0.21367365638162703 0.5162809101184107 0.019131144285577478 0.014166201520225342
347 0.21370094729684677 0.530650303223237 0.019131144285577478 0.014166201520225342
348 0.23422652647627107 0.4658927574459328 0.020606320399236187 0.14438869379513908
349 0.23410730748021116 0.4015428446492882 0.019131144285577464 0.014059120825811313
350 0.2341073074802113 0.41601661556649616 0.019131144285577467 0.013809549921025368
351 0.2341073074802113 0.42993405259627976 0.019131144285577467 0.013809549921025368
352 0.2341722152620373 0.4440085100658312 0.019131144285577467 0.013809549921025368
353 0.2342371230438635 0.4582149082385046 0.019131144285577478 0.014184562550305167
354 0.23442537183448628 0.4728142458918127 0.019325867631055562 0.014634967306825095
355 0.2342695769347767 0.48732506384605223 0.01971531432201174 0.013814242784933848
356 0.23417221526203746 0.5015825399791113 0.019131144285577478 0.014166201520225342
357 0.2342371230438635 0.5159423141548025 0.019131144285577478 0.014166201520225342
358 0.2342644139590831 0.5304032165913835 0.019131144285577478 0.014166201520225342
359 0.2545169214521151 0.46591337647479064 0.020606320399236187 0.14438869379513908
360 0.25419399403170223 0.4018506591616597 0.019131144285577464 0.014059120825811313
361 0.2541939940317024 0.41632443007886777 0.019131144285577467 0.013809549921025368
362 0.2541939940317024 0.43024186710865137 0.019131144285577467 0.013809549921025368
363 0.2542589018135284 0.44431632457820264 0.019131144285577467 0.013809549921025368
364 0.2545275180197074 0.45823552726736244 0.019131144285577478 0.014184562550305167
365 0.25471576681033026 0.47283486492067056 0.019325867631055562 0.014634967306825095
366 0.2545599719106207 0.4873456828749103 0.01971531432201174 0.013814242784933848
367 0.2544626102378814 0.5016031590079691 0.019131144285577478 0.014166201520225342
368 0.2545275180197075 0.5159629331836604 0.019131144285577478 0.014166201520225342
369 0.254554808934927 0.5304238356202414 0.019131144285577478 0.014166201520225342
204 0.377898732937396 0.38378243502686826 0.09492812574841877 0.01881130417015548
205 0.37783628096882405 0.4160580906380909 0.19231258525526382 0.016195771904929757
206 0.43723485218754987 0.41583767762349644 0.021212612783848152 0.01459712581495894
207 0.3784174848775204 0.45907670781455434 0.19231258525526382 0.016195771904929757
208 0.4378160560962462 0.4588562947999598 0.021212612783848152 0.01459712581495894
209 0.1403093693155023 0.6013134252406078 0.17097248055933023 0.018796944395979908
40 0.09258048548963388 0.6014713827565378 0.020391213277718517 0.014690048981734798
41 0.13313883277828228 0.6016293402724703 0.020391213277718517 0.014690048981734798
42 0.17347310080014255 0.6016293402724703 0.020391213277718517 0.014690048981734798
43 0.21447960662236723 0.6017872977884028 0.020391213277718517 0.014690048981734798
220 0.1405334485822904 0.6303776081722069 0.17097248055933023 0.018796944395979908
84 0.09280456475642199 0.6305355656881368 0.020391213277718517 0.014690048981734798
85 0.13336291204507036 0.6306935232040694 0.020391213277718517 0.014690048981734798
86 0.1736971800669307 0.6306935232040694 0.020391213277718517 0.014690048981734798
87 0.21470368588915537 0.6308514807200019 0.020391213277718517 0.014690048981734798
231 0.14030936931550225 0.6589679185560081 0.17097248055933023 0.018796944395979908
128 0.09258048548963384 0.659125876071938 0.020391213277718517 0.014690048981734798
129 0.13313883277828223 0.6592838335878706 0.020391213277718517 0.014690048981734798
130 0.17347310080014253 0.6592838335878706 0.020391213277718517 0.014690048981734798
131 0.2144796066223672 0.6594417911038031 0.020391213277718517 0.014690048981734798
242 0.14008529004871417 0.6877161864557421 0.17097248055933023 0.018796944395979908
172 0.09235640622284569 0.687874143971672 0.020391213277718517 0.014690048981734798
173 0.13291475351149412 0.6880321014876045 0.020391213277718517 0.014690048981734798
174 0.17324902153335445 0.6880321014876045 0.020391213277718517 0.014690048981734798
175 0.21425552735557907 0.688190059003537 0.020391213277718517 0.014690048981734798
253 0.13963713151513793 0.7163064968395435 0.17097248055933023 0.018796944395979908
180 0.09190824768926939 0.7164644543554737 0.020391213277718517 0.014690048981734798
181 0.13246659497791782 0.7166224118714062 0.020391213277718517 0.014690048981734798
182 0.17280086299977815 0.7166224118714062 0.020391213277718517 0.014690048981734798
183 0.21380736882200277 0.7167803693873387 0.020391213277718517 0.014690048981734798
255 0.1402482567881964 0.7447388497074122 0.17097248055933023 0.018796944395979908
184 0.09251937296232787 0.7448968072233423 0.020391213277718517 0.014690048981734798
185 0.13307772025097628 0.745054764739275 0.020391213277718517 0.014690048981734798
186 0.17341198827283663 0.745054764739275 0.020391213277718517 0.014690048981734798
187 0.21441849409506136 0.7452127222552073 0.020391213277718517 0.014690048981734798
256 0.14006306731151205 0.7738500282635863 0.17097248055933023 0.018796944395979908
188 0.0923341834856435 0.7740079857795163 0.020391213277718517 0.014690048981734798
189 0.1328925307742919 0.7741659432954492 0.020391213277718517 0.014690048981734798
190 0.17322679879615221 0.7741659432954492 0.020391213277718517 0.014690048981734798
191 0.21423330461837697 0.7743239008113817 0.020391213277718517 0.014690048981734798
257 0.13987787783482766 0.8019168596069829 0.17097248055933023 0.018796944395979908
192 0.09214899400895911 0.802074817122913 0.020391213277718517 0.014690048981734798
193 0.1327073412976075 0.8022327746388459 0.020391213277718517 0.014690048981734798
194 0.17304160931946785 0.8022327746388459 0.020391213277718517 0.014690048981734798
195 0.21404811514169256 0.8023907321547783 0.020391213277718517 0.014690048981734798
258 0.13987787783482766 0.830244777753574 0.17097248055933023 0.018796944395979908
196 0.09214899400895912 0.830402735269504 0.020391213277718517 0.014690048981734798
197 0.1327073412976075 0.830560692785437 0.020391213277718517 0.014690048981734798
198 0.17304160931946785 0.830560692785437 0.020391213277718517 0.014690048981734798
199 0.21404811514169256 0.8307186503013697 0.020391213277718517 0.014690048981734798
210 0.13969268835814327 0.8587032393017623 0.17097248055933023 0.018796944395979908
0 0.09196380453227475 0.858861196817692 0.020391213277718517 0.014690048981734798
1 0.1325221518209231 0.8590191543336251 0.020391213277718517 0.014690048981734798
2 0.17285641984278344 0.8590191543336251 0.020391213277718517 0.014690048981734798
3 0.21386292566500814 0.8591771118495578 0.020391213277718517 0.014690048981734798
211 0.32306957333087305 0.6017354571807865 0.17097248055933023 0.018796944395979908
4 0.27534068950500457 0.6018934146967164 0.020391213277718517 0.014690048981734798
5 0.31589903679365294 0.6020513722126488 0.020391213277718517 0.014690048981734798
6 0.35623330481551335 0.6020513722126488 0.020391213277718517 0.014690048981734798
7 0.39723981063773783 0.6022093297285813 0.020391213277718517 0.014690048981734798
212 0.3232936525976611 0.6307996401123854 0.17097248055933023 0.018796944395979908
8 0.27556476877179265 0.6309575976283154 0.020391213277718517 0.014690048981734798
9 0.3161231160604408 0.6311155551442479 0.020391213277718517 0.014690048981734798
10 0.35645738408230143 0.6311155551442479 0.020391213277718517 0.014690048981734798
11 0.39746388990452614 0.6312735126601805 0.020391213277718517 0.014690048981734798
213 0.3230695733308729 0.6593899504961869 0.17097248055933023 0.018796944395979908
12 0.27534068950500457 0.6595479080121167 0.020391213277718517 0.014690048981734798
13 0.3158990367936529 0.6597058655280494 0.020391213277718517 0.014690048981734798
14 0.35623330481551335 0.6597058655280494 0.020391213277718517 0.014690048981734798
15 0.39723981063773783 0.6598638230439816 0.020391213277718517 0.014690048981734798
214 0.32284549406408486 0.6881382183959207 0.17097248055933023 0.018796944395979908
16 0.2751166102382163 0.6882961759118509 0.020391213277718517 0.014690048981734798
17 0.31567495752686475 0.6884541334277833 0.020391213277718517 0.014690048981734798
18 0.35600922554872527 0.6884541334277833 0.020391213277718517 0.014690048981734798
19 0.3970157313709497 0.6886120909437159 0.020391213277718517 0.014690048981734798
215 0.3223973355305087 0.7167285287797222 0.17097248055933023 0.018796944395979908
20 0.2746684517046401 0.7168864862956523 0.020391213277718517 0.014690048981734798
21 0.3152267989932885 0.7170444438115849 0.020391213277718517 0.014690048981734798
22 0.35556106701514884 0.7170444438115849 0.020391213277718517 0.014690048981734798
23 0.39665428287523063 0.7172024013275174 0.020564633353433517 0.01469004898173479
216 0.32300846080356704 0.7451608816475909 0.17097248055933023 0.018796944395979908
24 0.27527957697769845 0.7453188391635207 0.020391213277718517 0.014690048981734798
25 0.3158379242663471 0.7454767966794534 0.020391213277718517 0.014690048981734798
26 0.35617219228820735 0.7454767966794534 0.020391213277718517 0.014690048981734798
27 0.397178698110432 0.7456347541953859 0.020391213277718517 0.014690048981734798
217 0.3228232713268828 0.7742720602037647 0.17097248055933023 0.018796944395979908
28 0.2750943875010142 0.7744300177196949 0.020391213277718517 0.014690048981734798
29 0.31565273478966255 0.774587975235628 0.020391213277718517 0.014690048981734798
30 0.3559870028115231 0.774587975235628 0.020391213277718517 0.014690048981734798
31 0.39699350863374805 0.7747459327515602 0.020391213277718517 0.014690048981734798
218 0.3226380818501984 0.8023388915471615 0.17097248055933023 0.018796944395979908
32 0.2749091980243298 0.8024968490630917 0.020391213277718517 0.014690048981734798
33 0.3154675453129782 0.8026548065790244 0.020391213277718517 0.014690048981734798
34 0.3558018133348384 0.8026548065790244 0.020391213277718517 0.014690048981734798
35 0.39689502919492087 0.8029350117151384 0.020564633353433483 0.014934544222096648
219 0.3226380818501984 0.8306668096937525 0.17097248055933023 0.018796944395979908
36 0.2749091980243298 0.8308247672096826 0.020391213277718517 0.014690048981734798
37 0.3154675453129782 0.8309827247256157 0.020391213277718517 0.014690048981734798
38 0.3558018133348384 0.8309827247256157 0.020391213277718517 0.014690048981734798
39 0.39680831915706305 0.8314463012920007 0.020391213277718506 0.015301287082639422
221 0.322452892373514 0.8591252712419408 0.17097248055933023 0.018796944395979908
44 0.2747240085476454 0.8592832287578708 0.020391213277718517 0.014690048981734798
45 0.3152823558362937 0.8594411862738036 0.020391213277718517 0.014690048981734798
46 0.355616623858154 0.8594411862738036 0.020391213277718517 0.014690048981734798
47 0.3966231296803787 0.8599047628401888 0.020391213277718506 0.015301287082639637
222 0.5061471492231554 0.6025781148380966 0.17097248055933023 0.018796944395979908
48 0.458540860830852 0.60217160268552 0.020391213277718517 0.014690048981734798
49 0.4993469916393037 0.602502399665168 0.020391213277718517 0.014690048981734798
50 0.5398664491378485 0.602502399665168 0.020391213277718517 0.014690048981734798
51 0.5805025760067045 0.6024438026251647 0.020391213277718506 0.015301287082639635
223 0.5061471492231554 0.6318198367958681 0.17097248055933023 0.018796944395979908
52 0.45854086083085216 0.6314133246432911 0.020391213277718517 0.014690048981734798
53 0.49934699163930374 0.6317441216229392 0.020391213277718517 0.014690048981734798
54 0.5398664491378485 0.6317441216229392 0.020391213277718517 0.014690048981734798
55 0.5805025760067047 0.6316855245829359 0.020391213277718506 0.015301287082639635
224 0.5061471492231555 0.6602782983440563 0.17097248055933023 0.018796944395979908
56 0.45854086083085227 0.6598717861914792 0.020391213277718517 0.014690048981734798
57 0.49934699163930396 0.6602025831711273 0.020391213277718517 0.014690048981734798
58 0.5398664491378488 0.6602025831711273 0.020391213277718517 0.014690048981734798
59 0.580502576006705 0.6601439861311242 0.020391213277718506 0.015301287082639635
225 0.5061471492231556 0.6891283900970361 0.17097248055933023 0.018796944395979908
60 0.4585408608308523 0.6887218779444595 0.020391213277718517 0.014690048981734798
61 0.4993469916393041 0.6890526749241073 0.020391213277718517 0.014690048981734798
62 0.5398664491378488 0.6890526749241073 0.020391213277718517 0.014690048981734798
63 0.5805025760067051 0.6889940778841043 0.020391213277718506 0.015301287082639635
226 0.5057767702697867 0.7179784818500159 0.17097248055933023 0.018796944395979908
64 0.45817048187748355 0.7175719696974392 0.020391213277718517 0.014690048981734798
65 0.4989766126859354 0.717902766677087 0.020391213277718517 0.014690048981734798
66 0.5394960701844801 0.717902766677087 0.020391213277718517 0.014690048981734798
67 0.5801321970533363 0.7178441696370841 0.020391213277718506 0.015301287082639635
227 0.5059619597464713 0.7465674867998014 0.17097248055933023 0.018796944395979908
68 0.45835567135416794 0.7461609746472248 0.020391213277718517 0.014690048981734798
69 0.49916180216261985 0.7464917716268725 0.020391213277718517 0.014690048981734798
70 0.5396812596611644 0.7464917716268725 0.020391213277718517 0.014690048981734798
71 0.5803173865300209 0.7464331745868696 0.020391213277718506 0.015301287082639635
228 0.5059619597464713 0.7758092087575728 0.17097248055933023 0.018796944395979908
72 0.45835567135416805 0.7754026966049961 0.020391213277718517 0.014690048981734798
73 0.4991618021626199 0.7757334935846436 0.020391213277718517 0.014690048981734798
74 0.5396812596611646 0.7757334935846436 0.020391213277718517 0.014690048981734798
75 0.580317386530021 0.7756748965446408 0.020391213277718506 0.015301287082639635
229 0.5059619597464713 0.8040065835025665 0.17097248055933023 0.018796944395979908
76 0.45835567135416805 0.8036000713499899 0.020391213277718517 0.014690048981734798
77 0.4991618021626199 0.8039308683296374 0.020391213277718517 0.014690048981734798
78 0.5396812596611646 0.8039308683296374 0.020391213277718517 0.014690048981734798
79 0.580317386530021 0.8038722712896346 0.020391213277718506 0.015301287082639635
230 0.5054063913164182 0.8322039582475602 0.17097248055933023 0.018796944395979908
80 0.4578001029241149 0.8317974460949837 0.020391213277718517 0.014690048981734798
81 0.49860623373256685 0.8321282430746315 0.020391213277718517 0.014690048981734798
82 0.5391256912311114 0.8321282430746315 0.020391213277718517 0.014690048981734798
83 0.5797618180999679 0.8320696460346286 0.020391213277718506 0.015301287082639635
232 0.5055915807931026 0.8609235065989429 0.17097248055933023 0.018796944395979908
88 0.45798529240079927 0.8605169944463661 0.020391213277718517 0.014690048981734798
89 0.49879142320925124 0.8608477914260141 0.020391213277718517 0.014690048981734798
90 0.539310880707796 0.8608477914260141 0.020391213277718517 0.014690048981734798
91 0.5799470075766524 0.8607891943860113 0.020391213277718506 0.015301287082639635
233 0.6893580388155499 0.6026295153181915 0.17097248055933023 0.018796944395979908
92 0.6417517504232464 0.6022230031656147 0.020391213277718517 0.014690048981734798
93 0.6826597354438743 0.602625599016141 0.020187504853365592 0.01483364672349171
94 0.7229754845180665 0.602625599016141 0.02059492170207135 0.01483364672349171
95 0.7636116113869228 0.602567001976138 0.020594921702071344 0.015444884824396416
234 0.6895617472399027 0.6319234546366019 0.17097248055933023 0.018796944395979908
96 0.6419554588475994 0.631516942484025 0.020391213277718517 0.014690048981734798
97 0.6828634438682272 0.6319195383345515 0.020187504853365592 0.01483364672349171
98 0.7231791929424195 0.6319195383345515 0.02059492170207135 0.01483364672349171
99 0.7638153198112758 0.6318609412945483 0.020594921702071344 0.015444884824396416
235 0.6891543303911972 0.6606430029879844 0.17097248055933023 0.018796944395979908
100 0.6415480419988938 0.660236490835408 0.020391213277718517 0.014690048981734798
101 0.6824560270195217 0.6606390866859343 0.020187504853365592 0.01483364672349171
102 0.722771776093714 0.6606390866859343 0.02059492170207135 0.01483364672349171
103 0.7634079029625704 0.6605804896459313 0.020594921702071344 0.015444884824396416
236 0.6891543303911973 0.6895061490811242 0.17097248055933023 0.018796944395979908
104 0.6415480419988939 0.6890996369285479 0.020391213277718517 0.014690048981734798
105 0.6824560270195218 0.689502232779074 0.020187504853365592 0.01483364672349171
106 0.7227717760937142 0.689502232779074 0.02059492170207135 0.01483364672349171
107 0.7634079029625707 0.6894436357390713 0.020594921702071344 0.015444884824396416
237 0.6891543303911974 0.7180820996907498 0.17097248055933023 0.018796944395979908
108 0.6415480419988941 0.7176755875381735 0.020391213277718517 0.014690048981734798
109 0.6824560270195219 0.7180781833886997 0.020187504853365592 0.01483364672349171
110 0.7227717760937145 0.7180781833886997 0.02059492170207135 0.01483364672349171
111 0.7634079029625709 0.7180195863486969 0.020594921702071344 0.015444884824396416
238 0.6893580388155505 0.7472324412674033 0.17097248055933023 0.018796944395979908
112 0.6417517504232471 0.7468259291148271 0.020391213277718517 0.014690048981734798
113 0.682659735443875 0.7472285249653531 0.020187504853365592 0.01483364672349171
114 0.7229754845180675 0.7472285249653531 0.02059492170207135 0.01483364672349171
115 0.7636116113869239 0.7471699279253504 0.020594921702071344 0.015444884824396416
239 0.6891543303911978 0.7762391851022996 0.17097248055933023 0.018796944395979908
116 0.6415480419988944 0.7758326729497236 0.020391213277718517 0.014690048981734798
117 0.6824560270195223 0.7762352688002495 0.020187504853365592 0.01483364672349171
118 0.7227717760937149 0.7762352688002495 0.02059492170207135 0.01483364672349171
119 0.7634079029625714 0.7761766717602469 0.020594921702071344 0.015444884824396416
240 0.6891543303911979 0.8045279402284113 0.17097248055933023 0.018796944395979908
120 0.6415480419988946 0.8041214280758356 0.020391213277718517 0.014690048981734798
121 0.6824560270195225 0.8045240239263615 0.020187504853365592 0.01483364672349171
122 0.722771776093715 0.8045240239263615 0.02059492170207135 0.01483364672349171
123 0.7634079029625717 0.8044654268863587 0.020594921702071344 0.015444884824396416
241 0.6889506219668451 0.833103890838037 0.17097248055933023 0.018796944395979908
124 0.6413443335745417 0.8326973786854616 0.020391213277718517 0.014690048981734798
125 0.6822523185951698 0.8330999745359875 0.020187504853365592 0.01483364672349171
126 0.7225680676693623 0.8330999745359875 0.02059492170207135 0.01483364672349171
127 0.763204194538219 0.8330413774959848 0.020594921702071344 0.015444884824396416
243 0.6887469135424922 0.8618234391894195 0.17097248055933023 0.018796944395979908
132 0.6411406251501889 0.8614169270368442 0.020391213277718517 0.014690048981734798
133 0.6820486101708171 0.8618195228873702 0.020187504853365592 0.01483364672349171
134 0.7223643592450096 0.8618195228873702 0.02059492170207135 0.01483364672349171
135 0.7630004861138663 0.8617609258473675 0.020594921702071344 0.015444884824396416
244 0.8725081934267762 0.6029204233255033 0.17097248055933023 0.018796944395979908
136 0.8248093102961305 0.6027749979761208 0.020576402754402912 0.01521222258812393
137 0.8656247005784161 0.6029165070234526 0.020557883806734532 0.014833646723491823
138 0.9059404496526083 0.6030470504250501 0.020965300655440132 0.015094733526686215
139 0.9466691712598069 0.6029884533850471 0.020780111178755903 0.015705971627590798
245 0.8725081934267762 0.6320316018816776 0.17097248055933023 0.018796944395979908
140 0.8248093102961307 0.631886176532295 0.020576402754402912 0.015212222588123929
141 0.8656247005784162 0.6320276855796267 0.020557883806734532 0.014833646723491823
142 0.9059404496526082 0.6321582289812243 0.020965300655440132 0.015094733526686215
143 0.9466691712598072 0.6320996319412213 0.020780111178755903 0.015705971627590798
246 0.8726933829034607 0.6610122370362546 0.17097248055933023 0.018796944395979908
144 0.824994499772815 0.6608668116868722 0.020576402754402912 0.015212222588123929
145 0.8658098900551005 0.661008320734204 0.020557883806734532 0.014833646723491823
146 0.9061256391292924 0.6611388641358016 0.020965300655440132 0.015094733526686215
147 0.9468543607364915 0.6610802670957985 0.020780111178755903 0.015705971627590798
247 0.8725081934267764 0.689731785387637 0.17097248055933023 0.018796944395979908
148 0.824809310296131 0.6895863600382549 0.020576402754402912 0.015212222588123929
149 0.8656247005784163 0.6897278690855867 0.020557883806734532 0.014833646723491823
150 0.9059404496526082 0.6898584124871843 0.020965300655440132 0.015094733526686215
151 0.9466691712598078 0.6897998154471812 0.020780111178755903 0.015705971627590798
248 0.872323003950092 0.718712420542214 0.17097248055933023 0.018796944395979908
152 0.8246241208194468 0.7185669951928318 0.020576402754402912 0.015212222588123929
153 0.865439511101732 0.7187085042401636 0.020557883806734532 0.014833646723491823
154 0.905755260175924 0.7188390476417615 0.020965300655440132 0.015094733526686215
155 0.9464839817831237 0.7187804506017582 0.020780111178755903 0.015705971627590798
249 0.8723230039500922 0.7475625122951938 0.17097248055933023 0.018796944395979908
156 0.8246241208194468 0.7474170869458117 0.020576402754402912 0.015212222588123929
157 0.8654395111017322 0.7475585959931438 0.020557883806734532 0.014833646723491823
158 0.9057552601759241 0.7476891393947414 0.020965300655440132 0.015094733526686215
159 0.9464839817831239 0.7476305423547381 0.020780111178755903 0.015705971627590798
250 0.8721378144734079 0.7769347776545623 0.17097248055933023 0.018796944395979908
160 0.8244389313427622 0.77678935230518 0.020576402754402912 0.015212222588123929
161 0.8652543216250479 0.7769308613525122 0.020557883806734532 0.014833646723491823
162 0.9055700706992398 0.7770614047541098 0.020965300655440132 0.015094733526686215
163 0.9462987923064398 0.7770028077141065 0.020780111178755903 0.015705971627590798
251 0.8723230039500922 0.8051321523995563 0.17097248055933023 0.018796944395979908
164 0.8246241208194468 0.8049867270501737 0.020576402754402912 0.015212222588123929
165 0.8654395111017321 0.805128236097506 0.020557883806734532 0.014833646723491823
166 0.9057552601759246 0.8052587794991035 0.020965300655440132 0.015094733526686215
167 0.9464839817831242 0.8052001824591004 0.020780111178755903 0.015705971627590798
252 0.8719526249967234 0.8341127875541333 0.17097248055933023 0.018796944395979908
168 0.8242537418660781 0.8339673622047508 0.020576402754402912 0.015212222588123929
169 0.8650691321483635 0.834108871252083 0.020557883806734532 0.014833646723491823
170 0.9053848812225557 0.8342394146536805 0.020965300655440132 0.015094733526686215
171 0.9461136028297554 0.8341808176136775 0.020780111178755903 0.015705971627590798
254 0.8719526249967237 0.8625712491023216 0.17097248055933023 0.018796944395979908
176 0.8242537418660784 0.8624258237529391 0.020576402754402912 0.015212222588123929
177 0.8650691321483639 0.8625673328002712 0.020557883806734532 0.014833646723491823
178 0.9053848812225563 0.8626978762018687 0.020965300655440132 0.015094733526686215
179 0.9461136028297557 0.8626392791618658 0.020780111178755903 0.015705971627590798
